1969 1 5.0786e-06 0.00127144 0.00225357 0.56419 0.997732
1943 1 5.14642e-06 0.00127991 0.00226857 0.56419 0.997823
1913 1 5.227e-06 0.00128989 0.00228626 0.56419 0.997746
1891 1 5.28768e-06 0.00129735 0.0022995 0.56419 0.9978
1866 1 5.35839e-06 0.001306 0.00231482 0.56419 0.997674
1833 1 5.45472e-06 0.00131768 0.00233553 0.56419 0.99767
1813 1 5.51475e-06 0.00132492 0.00234835 0.56419 0.997555
1796 1 5.56681e-06 0.00133115 0.00235941 0.56419 0.99749
1773 1 5.63889e-06 0.00133974 0.00237463 0.56419 0.997374
1751 1 5.70959e-06 0.00134812 0.00238948 0.56419 0.997153
1725 1 5.7955e-06 0.00135822 0.00240739 0.56419 0.996828
1699 1 5.88405e-06 0.00136856 0.00242571 0.56419 0.996596
1683 1 5.93984e-06 0.00137503 0.00243718 0.56419 0.996274
1671 1 5.98234e-06 0.00137994 0.00244588 0.56419 0.996034
1649 1 6.062e-06 0.0013891 0.00246211 0.56419 0.995703
1624 1 6.15517e-06 0.00139973 0.00248096 0.56419 0.99531
1602 1 6.23954e-06 0.00140929 0.00249791 0.56419 0.994832
1575 1 6.34634e-06 0.0014213 0.00251919 0.56419 0.994226
1552 1 6.44023e-06 0.00143178 0.00253776 0.56419 0.994145
1536 1 6.50715e-06 0.0014392 0.00255091 0.56419 0.994003
1503 1 6.64985e-06 0.00145489 0.00257873 0.56419 0.993721
1481 1 6.74847e-06 0.00146564 0.00259778 0.56419 0.993449
1457 1 6.85946e-06 0.00147764 0.00261906 0.56419 0.993075
1430 1 6.9888e-06 0.00149151 0.00264363 0.56419 0.992654
1399 1 7.14348e-06 0.00150793 0.00267273 0.56419 0.992023
1375 1 7.26798e-06 0.00152101 0.00269592 0.56419 0.991477
1359 1 7.35337e-06 0.00152992 0.00271171 0.56419 0.990896
1341 1 7.45188e-06 0.00154013 0.00272981 0.56419 0.990542
1317 1 7.58749e-06 0.00155408 0.00275454 0.56419 0.989758
1289 1 7.75212e-06 0.00157085 0.00278426 0.56419 0.989128
1251 1 7.98739e-06 0.00159451 0.0028262 0.56419 0.988135
1223 1 8.17006e-06 0.00161264 0.00285833 0.56419 0.987755
1214 1 8.23042e-06 0.00161859 0.00286887 0.56419 0.987438
1198 1 8.34013e-06 0.00162934 0.00288793 0.56419 0.987263
1182 1 8.45282e-06 0.00164031 0.00290737 0.56419 0.987034
1158 1 8.62779e-06 0.0016572 0.00293731 0.56419 0.986454
1149 1 8.69515e-06 0.00166366 0.00294875 0.56419 0.986337
1137 1 8.7867e-06 0.00167239 0.00296424 0.56419 0.985974
1138 1 8.77876e-06 0.00167164 0.0029629 0.56419 0.985833
1123 1 8.8958e-06 0.00168274 0.00298258 0.56419 0.985729
1107 1 9.02415e-06 0.00169484 0.00300402 0.56419 0.985229
1090 1 9.16467e-06 0.00170798 0.00302732 0.56419 0.984426
1074 1 9.30097e-06 0.00172064 0.00304975 0.56419 0.984217
1069 1 9.34423e-06 0.00172463 0.00305683 0.56419 0.984114
1046 1 9.54945e-06 0.00174347 0.00309022 0.56419 0.984032
1029 1 9.70698e-06 0.00175779 0.0031156 0.56419 0.983812
1011 1 9.87955e-06 0.00177335 0.00314318 0.56419 0.983239
991 1 1.00787e-05 0.00179113 0.00317469 0.56419 0.982817
992 1 1.00683e-05 0.0017902 0.00317305 0.56419 0.982274
983 1 1.01602e-05 0.00179836 0.00318751 0.56419 0.982509
980 1 1.0191e-05 0.00180109 0.00319234 0.56419 0.982671
964 1 1.03599e-05 0.00181595 0.00321868 0.56419 0.98239
959 1 1.04137e-05 0.00182065 0.00322702 0.56419 0.982242
960 1 1.04026e-05 0.00181968 0.0032253 0.56419 0.981917
964 1 1.03591e-05 0.00181588 0.00321856 0.56419 0.982349
958 1 1.04238e-05 0.00182153 0.00322859 0.56419 0.982059
946 1 1.05557e-05 0.00183303 0.00324896 0.56419 0.982068
934 1 1.06911e-05 0.00184474 0.00326972 0.56419 0.981416
934 1 1.06908e-05 0.00184472 0.00326968 0.56419 0.981243
926 1 1.07829e-05 0.00185265 0.00328373 0.56419 0.980899
919 1 1.08648e-05 0.00185967 0.00329618 0.56419 0.98045
909 1 1.0984e-05 0.00186985 0.00331422 0.56419 0.980227
905 1 1.10323e-05 0.00187395 0.00332149 0.56419 0.980214
901 1 1.1081e-05 0.00187808 0.00332882 0.56419 0.980294
896 1 1.11426e-05 0.00188329 0.00333805 0.56419 0.980488
883 1 1.13063e-05 0.00189708 0.00336249 0.56419 0.979946
881 1 1.13317e-05 0.00189921 0.00336626 0.56419 0.979819
879 1 1.13572e-05 0.00190134 0.00337005 0.56419 0.979068
870 1 1.14744e-05 0.00191113 0.00338739 0.56419 0.978649
857 1 1.16482e-05 0.00192555 0.00341294 0.56419 0.978288
862 1 1.15803e-05 0.00191993 0.00340299 0.56419 0.978601
852 1 1.17159e-05 0.00193114 0.00342286 0.56419 0.978664
867 1 1.1513e-05 0.00191434 0.00339307 0.56419 0.97926
853 1 1.17016e-05 0.00192996 0.00342076 0.56419 0.979033
852 1 1.17151e-05 0.00193107 0.00342273 0.56419 0.978884
855 1 1.16737e-05 0.00192765 0.00341667 0.56419 0.978654
854 1 1.1687e-05 0.00192876 0.00341863 0.56419 0.978737
847 1 1.17833e-05 0.00193669 0.00343269 0.56419 0.978419
849 1 1.17553e-05 0.00193438 0.0034286 0.56419 0.978594
842 1 1.18527e-05 0.00194238 0.00344278 0.56419 0.978596
840 1 1.18806e-05 0.00194466 0.00344683 0.56419 0.979013
839 1 1.18945e-05 0.0019458 0.00344884 0.56419 0.978481
850 1 1.17403e-05 0.00193314 0.00342641 0.56419 0.978571
843 1 1.18375e-05 0.00194113 0.00344056 0.56419 0.978326
839 1 1.18936e-05 0.00194573 0.00344871 0.56419 0.978759
832 1 1.19934e-05 0.00195387 0.00346314 0.56419 0.979004
832 1 1.19931e-05 0.00195385 0.0034631 0.56419 0.979332
835 1 1.19497e-05 0.00195031 0.00345683 0.56419 0.979148
827 1 1.2065e-05 0.00195969 0.00347347 0.56419 0.979118
822 1 1.21381e-05 0.00196562 0.00348397 0.56419 0.979194
825 1 1.20936e-05 0.00196202 0.00347759 0.56419 0.979338
826 1 1.20787e-05 0.00196081 0.00347544 0.56419 0.978991
820 1 1.21667e-05 0.00196794 0.00348809 0.56419 0.978804
814 1 1.22561e-05 0.00197516 0.00350087 0.56419 0.978891
810 1 1.23163e-05 0.00198 0.00350946 0.56419 0.979304
820 1 1.21658e-05 0.00196787 0.00348796 0.56419 0.980152
820 1 1.21655e-05 0.00196784 0.00348791 0.56419 0.980216
819 1 1.21801e-05 0.00196902 0.00349 0.56419 0.98024
819 1 1.21798e-05 0.001969 0.00348995 0.56419 0.980164
819 1 1.21795e-05 0.00196897 0.00348991 0.56419 0.980313
819 1 1.21792e-05 0.00196895 0.00348987 0.56419 0.98037
813 1 1.22688e-05 0.00197617 0.00350268 0.56419 0.980596
807 1 1.23597e-05 0.00198348 0.00351563 0.56419 0.980495
807 1 1.23593e-05 0.00198346 0.00351559 0.56419 0.980533
811 1 1.22981e-05 0.00197854 0.00350686 0.56419 0.980837
807 1 1.23587e-05 0.00198341 0.0035155 0.56419 0.980684
808 1 1.23431e-05 0.00198216 0.00351328 0.56419 0.980498
806 1 1.23734e-05 0.00198459 0.00351759 0.56419 0.980689
806 1 1.23731e-05 0.00198456 0.00351755 0.56419 0.98062
803 1 1.24191e-05 0.00198824 0.00352407 0.56419 0.980516
798 1 1.24966e-05 0.00199444 0.00353505 0.56419 0.980216
800 1 1.2465e-05 0.00199192 0.00353058 0.56419 0.980048
799 1 1.24803e-05 0.00199314 0.00353275 0.56419 0.980068
792 1 1.25903e-05 0.0020019 0.00354828 0.56419 0.979665
788 1 1.26539e-05 0.00200695 0.00355723 0.56419 0.979838
791 1 1.26056e-05 0.00200312 0.00355044 0.56419 0.979962
784 1 1.27178e-05 0.00201202 0.00356621 0.56419 0.979706
786 1 1.26851e-05 0.00200943 0.00356162 0.56419 0.979637
794 1 1.2557e-05 0.00199926 0.00354359 0.56419 0.979869
798 1 1.24938e-05 0.00199421 0.00353465 0.56419 0.980062
787 1 1.26681e-05 0.00200808 0.00355922 0.56419 0.979723
787 1 1.26678e-05 0.00200805 0.00355918 0.56419 0.97987
781 1 1.27648e-05 0.00201573 0.00357278 0.56419 0.979572
791 1 1.26031e-05 0.00200292 0.00355008 0.56419 0.979932
793 1 1.2571e-05 0.00200037 0.00354556 0.56419 0.979925
791 1 1.26024e-05 0.00200287 0.00354999 0.56419 0.979955
794 1 1.25545e-05 0.00199906 0.00354324 0.56419 0.980108
792 1 1.25859e-05 0.00200155 0.00354766 0.56419 0.979965
792 1 1.25856e-05 0.00200153 0.00354762 0.56419 0.979695
793 1 1.25694e-05 0.00200024 0.00354534 0.56419 0.979606
795 1 1.25375e-05 0.0019977 0.00354083 0.56419 0.979645
795 1 1.25372e-05 0.00199767 0.00354079 0.56419 0.979315
795 1 1.25368e-05 0.00199765 0.00354074 0.56419 0.979072
793 1 1.25681e-05 0.00200014 0.00354516 0.56419 0.978613
791 1 1.25996e-05 0.00200264 0.00354959 0.56419 0.978596
790 1 1.26153e-05 0.00200389 0.0035518 0.56419 0.979174
792 1 1.25831e-05 0.00200133 0.00354726 0.56419 0.979399
803 1 1.24104e-05 0.00198755 0.00352284 0.56419 0.98036
804 1 1.23947e-05 0.00198629 0.00352061 0.56419 0.980209
805 1 1.2379e-05 0.00198503 0.00351837 0.56419 0.980495
